#SIC #Occurrence #Percentage #Accumulated_Percentage
 3714 22 0.0381282495667244 0.0381282495667244
 2834 19 0.0329289428076256 0.0710571923743501
 6798 11 0.0190641247833622 0.0901213171577123
 6022 10 0.0173310225303293 0.107452339688042
 7389 10 0.0173310225303293 0.124783362218371
 2800 10 0.0173310225303293 0.1421143847487
 3674 8 0.0138648180242634 0.155979202772964
 3711 8 0.0138648180242634 0.169844020797227
 3672 7 0.0121317157712305 0.181975736568458
 3490 7 0.0121317157712305 0.194107452339688
 2810 7 0.0121317157712305 0.206239168110919
 3531 7 0.0121317157712305 0.218370883882149
 3312 7 0.0121317157712305 0.23050259965338
 1000 7 0.0121317157712305 0.24263431542461
 3823 6 0.0103986135181976 0.253032928942808
 2821 6 0.0103986135181976 0.263431542461005
 2621 6 0.0103986135181976 0.273830155979203
 3559 6 0.0103986135181976 0.2842287694974
 1040 6 0.0103986135181976 0.294627383015598
 5030 6 0.0103986135181976 0.305025996533796
 3728 6 0.0103986135181976 0.315424610051993
 3089 6 0.0103986135181976 0.325823223570191
 1220 6 0.0103986135181976 0.336221837088388
 3540 5 0.00866551126516464 0.344887348353553
 2820 5 0.00866551126516464 0.353552859618718
 3561 5 0.00866551126516464 0.362218370883882
 2430 5 0.00866551126516464 0.370883882149047
 1221 5 0.00866551126516464 0.379549393414212
 2860 5 0.00866551126516464 0.388214904679376
 3560 5 0.00866551126516464 0.396880415944541
 3350 5 0.00866551126516464 0.405545927209705
 3829 5 0.00866551126516464 0.41421143847487
 3690 5 0.00866551126516464 0.422876949740035
 1400 5 0.00866551126516464 0.431542461005199
 3523 5 0.00866551126516464 0.440207972270364
 5065 5 0.00866551126516464 0.448873483535529
 6282 5 0.00866551126516464 0.457538994800693
 6331 4 0.00693240901213172 0.464471403812825
 3841 4 0.00693240901213172 0.471403812824957
 3620 4 0.00693240901213172 0.478336221837088
 6500 4 0.00693240901213172 0.48526863084922
 3990 4 0.00693240901213172 0.492201039861352
 2835 4 0.00693240901213172 0.499133448873483
 3640 4 0.00693240901213172 0.506065857885615
 3590 4 0.00693240901213172 0.512998266897747
 1311 4 0.00693240901213172 0.519930675909879
 2836 4 0.00693240901213172 0.526863084922011
 2890 4 0.00693240901213172 0.533795493934142
 3663 4 0.00693240901213172 0.540727902946274
 3460 4 0.00693240901213172 0.547660311958406
 2851 4 0.00693240901213172 0.554592720970538
 2670 3 0.00519930675909879 0.559792027729636
 3440 3 0.00519930675909879 0.564991334488735
 5051 3 0.00519930675909879 0.570190641247834
 3290 3 0.00519930675909879 0.575389948006933
 8200 3 0.00519930675909879 0.580589254766031
 3510 3 0.00519930675909879 0.58578856152513
 3720 3 0.00519930675909879 0.590987868284229
 5211 3 0.00519930675909879 0.596187175043328
 5084 3 0.00519930675909879 0.601386481802426
 2911 3 0.00519930675909879 0.606585788561525
 3580 3 0.00519930675909879 0.611785095320624
 3550 3 0.00519930675909879 0.616984402079722
 3842 3 0.00519930675909879 0.622183708838821
 3420 3 0.00519930675909879 0.62738301559792
 7350 3 0.00519930675909879 0.632582322357019
 7200 3 0.00519930675909879 0.637781629116117
 2400 3 0.00519930675909879 0.642980935875216
 5961 3 0.00519930675909879 0.648180242634315
 5812 3 0.00519930675909879 0.653379549393414
 3564 3 0.00519930675909879 0.658578856152512
 2510 3 0.00519930675909879 0.663778162911611
 3310 3 0.00519930675909879 0.66897746967071
 5080 3 0.00519930675909879 0.674176776429809
 4931 3 0.00519930675909879 0.679376083188907
 1623 2 0.00346620450606586 0.682842287694973
 6512 2 0.00346620450606586 0.686308492201039
 3578 2 0.00346620450606586 0.689774696707105
 3317 2 0.00346620450606586 0.693240901213171
 2990 2 0.00346620450606586 0.696707105719237
 3442 2 0.00346620450606586 0.700173310225302
 3585 2 0.00346620450606586 0.703639514731368
 2650 2 0.00346620450606586 0.707105719237434
 6035 2 0.00346620450606586 0.7105719237435
 5122 2 0.00346620450606586 0.714038128249566
 7359 2 0.00346620450606586 0.717504332755632
 4610 2 0.00346620450606586 0.720970537261697
 3011 2 0.00346620450606586 0.724436741767763
 2891 2 0.00346620450606586 0.727902946273829
 1520 2 0.00346620450606586 0.731369150779895
 7372 2 0.00346620450606586 0.734835355285961
 3669 2 0.00346620450606586 0.738301559792026
 2870 2 0.00346620450606586 0.741767764298092
 2522 2 0.00346620450606586 0.745233968804158
 3086 2 0.00346620450606586 0.748700173310224
 4932 2 0.00346620450606586 0.75216637781629
 2033 2 0.00346620450606586 0.755632582322356
 2273 2 0.00346620450606586 0.759098786828421
 7374 2 0.00346620450606586 0.762564991334487
 3724 2 0.00346620450606586 0.766031195840553
 7990 2 0.00346620450606586 0.769497400346619
 3621 2 0.00346620450606586 0.772963604852685
 6021 2 0.00346620450606586 0.776429809358751
 3577 2 0.00346620450606586 0.779896013864816
 2030 2 0.00346620450606586 0.783362218370882
 6795 2 0.00346620450606586 0.786828422876948
 3670 2 0.00346620450606586 0.790294627383014
 2711 2 0.00346620450606586 0.79376083188908
 1700 2 0.00346620450606586 0.797227036395146
 3533 2 0.00346620450606586 0.800693240901211
 5700 2 0.00346620450606586 0.804159445407277
 5063 2 0.00346620450606586 0.807625649913343
 7380 2 0.00346620450606586 0.811091854419409
 5331 2 0.00346620450606586 0.814558058925475
 3390 2 0.00346620450606586 0.818024263431541
 5651 2 0.00346620450606586 0.821490467937606
 3845 2 0.00346620450606586 0.824956672443672
 3751 2 0.00346620450606586 0.828422876949738
 4700 2 0.00346620450606586 0.831889081455804
 5160 2 0.00346620450606586 0.83535528596187
 7363 2 0.00346620450606586 0.838821490467936
 5945 2 0.00346620450606586 0.842287694974001
 3613 2 0.00346620450606586 0.845753899480067
 3821 1 0.00173310225303293 0.8474870017331
 3612 1 0.00173310225303293 0.849220103986133
 8711 1 0.00173310225303293 0.850953206239166
 5072 1 0.00173310225303293 0.852686308492199
 4213 1 0.00173310225303293 0.854419410745232
 3530 1 0.00173310225303293 0.856152512998265
 3537 1 0.00173310225303293 0.857885615251298
 5090 1 0.00173310225303293 0.85961871750433
 3576 1 0.00173310225303293 0.861351819757363
 8742 1 0.00173310225303293 0.863084922010396
 3760 1 0.00173310225303293 0.864818024263429
 5070 1 0.00173310225303293 0.866551126516462
 6770 1 0.00173310225303293 0.868284228769495
 8731 1 0.00173310225303293 0.870017331022528
 3715 1 0.00173310225303293 0.871750433275561
 2320 1 0.00173310225303293 0.873483535528594
 3220 1 0.00173310225303293 0.875216637781627
 800 1 0.00173310225303293 0.87694974003466
 4922 1 0.00173310225303293 0.878682842287693
 3942 1 0.00173310225303293 0.880415944540725
 3721 1 0.00173310225303293 0.882149046793758
 4899 1 0.00173310225303293 0.883882149046791
 6794 1 0.00173310225303293 0.885615251299824
 5200 1 0.00173310225303293 0.887348353552857
 3713 1 0.00173310225303293 0.88908145580589
 3443 1 0.00173310225303293 0.890814558058923
 5960 1 0.00173310225303293 0.892547660311956
 3569 1 0.00173310225303293 0.894280762564989
 2080 1 0.00173310225303293 0.896013864818022
 3211 1 0.00173310225303293 0.897746967071055
 3949 1 0.00173310225303293 0.899480069324088
 4911 1 0.00173310225303293 0.90121317157712
 3825 1 0.00173310225303293 0.902946273830153
 3470 1 0.00173310225303293 0.904679376083186
 3430 1 0.00173310225303293 0.906412478336219
 3060 1 0.00173310225303293 0.908145580589252
 7011 1 0.00173310225303293 0.909878682842285
 5531 1 0.00173310225303293 0.911611785095318
 5010 1 0.00173310225303293 0.913344887348351
 2300 1 0.00173310225303293 0.915077989601384
 4941 1 0.00173310225303293 0.916811091854417
 3050 1 0.00173310225303293 0.91854419410745
 5141 1 0.00173310225303293 0.920277296360482
 4522 1 0.00173310225303293 0.922010398613515
 2842 1 0.00173310225303293 0.923743500866548
 3812 1 0.00173310225303293 0.925476603119581
 3600 1 0.00173310225303293 0.927209705372614
 2086 1 0.00173310225303293 0.928942807625647
 2520 1 0.00173310225303293 0.93067590987868
 4400 1 0.00173310225303293 0.932409012131713
 4731 1 0.00173310225303293 0.934142114384746
 3678 1 0.00173310225303293 0.935875216637779
 3231 1 0.00173310225303293 0.937608318890812
 6411 1 0.00173310225303293 0.939341421143845
 5621 1 0.00173310225303293 0.941074523396877
 3433 1 0.00173310225303293 0.94280762564991
 2111 1 0.00173310225303293 0.944540727902943
 2780 1 0.00173310225303293 0.946273830155976
 3412 1 0.00173310225303293 0.948006932409009
 3541 1 0.00173310225303293 0.949740034662042
 8060 1 0.00173310225303293 0.951473136915075
 4841 1 0.00173310225303293 0.953206239168108
 700 1 0.00173310225303293 0.954939341421141
 5000 1 0.00173310225303293 0.956672443674174
 1731 1 0.00173310225303293 0.958405545927207
 3571 1 0.00173310225303293 0.96013864818024
 3334 1 0.00173310225303293 0.961871750433272
 3270 1 0.00173310225303293 0.963604852686305
 3679 1 0.00173310225303293 0.965337954939338
 2221 1 0.00173310225303293 0.967071057192371
 7381 1 0.00173310225303293 0.968804159445404
 2840 1 0.00173310225303293 0.970537261698437
 7371 1 0.00173310225303293 0.97227036395147
 900 1 0.00173310225303293 0.974003466204503
 3562 1 0.00173310225303293 0.975736568457536
 5411 1 0.00173310225303293 0.977469670710569
 3555 1 0.00173310225303293 0.979202772963602
 5990 1 0.00173310225303293 0.980935875216635
 3826 1 0.00173310225303293 0.982668977469667
 3272 1 0.00173310225303293 0.9844020797227
 7812 1 0.00173310225303293 0.986135181975733
 200 1 0.00173310225303293 0.987868284228766
 3341 1 0.00173310225303293 0.989601386481799
 3630 1 0.00173310225303293 0.991334488734832
 8093 1 0.00173310225303293 0.993067590987865
 5047 1 0.00173310225303293 0.994800693240898
 7370 1 0.00173310225303293 0.996533795493931
 2721 1 0.00173310225303293 0.998266897746964
 3716 1 0.00173310225303293 0.999999999999997
